6 605.606 5228.02 5833.62 5833.62 6
7 751.281 5189.17 5940.45 5833.62 6
8 841.746 5145.89 5987.64 5833.62 6
9 895.563 5107.98 6003.54 5833.62 6
10 1065.44 5077.69 6143.13 5833.62 6
11 1143.44 5102.98 6246.43 5833.62 6
12 1146.74 5081.96 6228.7 5833.62 6
13 1149.48 5074.98 6224.46 5833.62 6
14 1144.57 5012.5 6157.07 5833.62 6
15 1106.86 4873.43 5980.29 5833.62 6
16 1035.03 4617.89 5652.92 5652.92 16
17 892.897 4335.91 5228.8 5228.8 17
18 969.059 3946.35 4915.41 4915.41 18
19 735.951 3505.2 4241.16 4241.16 19
20 771.841 3041.21 3813.05 3813.05 20
21 811.517 2514.42 3325.94 3325.94 21
22 527.064 1897.38 2424.44 2424.44 22
23 540.333 1519.19 2059.52 2059.52 23
24 554.977 1292.87 1847.84 1847.84 24
25 584.036 1124.72 1708.76 1708.76 25
26 585.077 994.453 1579.53 1579.53 26
27 619.75 943.546 1563.3 1563.3 27
28 624.787 856.942 1481.73 1481.73 28
29 663.705 811.042 1474.75 1474.75 29
30 701.827 767.508 1469.34 1469.34 30
31 706.179 729.086 1435.26 1435.26 31
32 746.756 692.278 1439.03 1435.26 31
33 790.015 690.112 1480.13 1435.26 31
34 795.888 656.716 1452.6 1435.26 31
35 841.564 655.561 1497.12 1435.26 31
36 926.324 630.718 1557.04 1435.26 31
37 983.962 628.929 1612.89 1435.26 31
38 1114.76 505.54 1620.3 1435.26 31
39 1329.61 478.205 1807.82 1435.26 31
40 1620.28 457.214 2077.5 1435.26 31
41 1954.08 442.441 2396.52 1435.26 31
42 2348.67 431.832 2780.51 1435.26 31
43 2843.29 414.454 3257.74 1435.26 31
44 3253.72 376.579 3630.3 1435.26 31
45 3643.45 354.847 3998.3 1435.26 31
46 3982.79 348.095 4330.88 1435.26 31
47 4325.35 493.276 4818.62 1435.26 31
48 4645.28 444.754 5090.03 1435.26 31
49 4903.58 484.653 5388.23 1435.26 31
50 5099.38 544.654 5644.04 1435.26 31
51 5176.23 558.611 5734.84 1435.26 31
52 5233.55 517.808 5751.36 1435.26 31
53 5306.85 559.931 5866.79 1435.26 31
54 5297.36 499.77 5797.13 1435.26 31
55 5258.07 481.953 5740.02 1435.26 31
56 5276.09 544.012 5820.1 1435.26 31
